000000000000000000110100
000000000000001000000001
000000000000000001010100
000000000000001000000001
000000000000000001110100
000000000000000000000010
000000000000000010010100
000000000000000000000000
000000000000000010110100
000000000000000000000010
000000000000000011010100
000000000000000000000010
000000000000101101001000
000000000000000000001010
000000000000000001010000
000000000001010011101000
000000000000110101001000
000000000000000011101011
000000000001010100001000
000000000000000000000111
000000000000000100110100
000000000000000000000000
000000000001000110101000
000000000000000000000011
000000000000000000001111
000000000000000100101011
000000000001010100101000
000000000001000101001000
000000000000000000001001
000000000001010110101000
000000000000000000000011
000000000000000000001110
000000000000000100101011
000000000001010100101000
000000000001000101001000
000000000000000000001010
000000000001010110101000
000000000000000000000011
000000000000000000001110
000000000000000100101011
000000000001010100101000
000000000001000101001000
000000000000000001001011
000000000001010110101000
000000000000000000000011
000000000000000000001110
000000000000000100101011
000000000001010100101000
000000000001000101001000
000000000000000000001001
000000000000000001001011
000000000001010110101000
000000000000000000000011
000000000000000100101011
000000000001010100101000
000000000001000101001000
000000000000000000001010
000000000000000001001011
000000000001010110101000
000000000000000000000011
000000000000000100101011
000000000001010100101000
000000000001000101001000
000000000000000001001100
000000000001010110101000
000000000000000000000011
000000000000000000001110
000000000000000100101011
000000000001010100101000
000000000001000101001000
000000000000000000001001
000000000000000001001100
000000000001010110101000
000000000000000000000011
000000000000000100101011
000000000001010100101000
000000000001000101001000
000000000000000000001010
000000000000000001001100
000000000001010110101000
000000000000000000000011
000000000000000100101011
000000000000000000001101
000000000001010100101000
000000000000100110101000
000000000000000000000101
000000000000100101001000
000000000000000000001001
000000000001010010001000
000000000000110101001000
000000000000000001101011
000000000001010011001000
000000000000010101001000
000000000010000011010001
000000000000000000010000
000000000000101101001000
000000000000000011010100
000000000000000000000010
000000000000000001101011
000000000001010010101000
000000000000001101001000
000000000001100010110001
000000000000000000001100
